# N, ncp_prior for p0=0.05 for 0.004 ct/s, 0.005 ct/s, 0.006 ct/s, 0.007 ct/s, 0.008 ct/s, 0.009 ct/s, 0.01 ct/s, 0.011 ct/s, 0.012 ct/s, 0.1 ct/s
100 4.7 4.7 4.7 4.6 4.5 4.6 4.5 4.4 4.6 4.5
200 4.9 5.1 5.0 5.0 4.8 5.0 4.9 4.8 4.9 5.0
300 5.3 5.2 5.0 5.1 5.1 5.0 5.0 5.2 5.2 5.2
400 5.4 5.4 5.3 5.4 5.5 5.3 5.2 5.4 5.4 5.3
500 5.5 5.5 5.6 5.5 5.4 5.5 5.4 5.4 5.3 5.5
600 5.5 5.5 5.6 5.7 5.3 5.5 5.5 5.7 5.5 5.4
750 5.7 5.6 5.8 5.5 5.7 5.8 5.5 5.4 5.6 5.6
1000 5.8 5.7 5.9 5.8 5.7 5.8 5.7 5.9 5.8 5.7
1250 5.8 5.9 5.9 6.0 5.9 5.9 5.7 5.9 5.8 5.8
1500 6.1 5.9 6.0 5.8 5.9 5.9 6.1 5.9 6.2 5.8
1750 6.0 5.9 6.1 6.1 6.1 6.2 6.0 6.0 6.1 6.1
2000 5.9 6.1 6.0 6.1 6.2 6.1 6.1 6.1 6.1 6.0
2250 6.2 6.1 6.1 6.1 6.3 6.2 6.1 6.2 6.2 6.1
2500 6.1 6.2 6.2 6.2 6.3 6.1 6.2 6.2 6.2 6.2
3000 6.4 6.2 6.4 6.1 6.4 6.4 6.3 6.4 6.4 6.2
